0.875    0.122198
2.244    0.0055336
2.851    0.00576196
3.212    0.00118855
3.459    0.00118503
3.641    0.000218117
3.783    0.000820922
3.897    7.00961e-05
3.992    0.000284356
4.072    0.000136908
4.14    9.82999e-05
4.2    7.54333e-05
4.253    0.000178793
4.343    7.52437e-05
4.381    1.56733e-05
4.416    5.02632e-05
4.448    2.61594e-05
4.477    5.29489e-05
4.505    1.53331e-05
4.53    2.5716e-05
4.553    1.09957e-05
4.575    1.91691e-05
4.596    2.69061e-06
4.615    2.55567e-05
4.633    6.55522e-06
4.65    2.27109e-05
4.667    1.00038e-05
4.682    4.60568e-06
4.71    1.44836e-05
4.723    8.64929e-07
4.736    1.18023e-05
4.748    5.3551e-06
4.76    4.73284e-06
4.771    3.36547e-06
4.781    1.01225e-05
4.792    1.82582e-06
4.801    3.36358e-06
4.811    1.5956e-06
4.82    2.93193e-06
4.829    2.63462e-06
4.837    6.15205e-06
4.845    1.09364e-06
4.853    5.23446e-06
4.868    3.59412e-06
4.875    8.27796e-07
4.882    3.54954e-06
4.889    9.51093e-07
4.895    1.39884e-06
4.902    1.95325e-06
4.908    1.81269e-06
4.914    7.57839e-07
4.92    3.16753e-06
4.931    1.8586e-06
4.936    1.31612e-06
4.941    1.26025e-06
4.946    7.91454e-07
4.951    1.85308e-06
4.961    2.02033e-06
4.966    1.62306e-07
4.97    6.17708e-07
4.974    5.60226e-07
4.979    1.86893e-06
4.983    5.06023e-07
4.987    9.60925e-07
4.991    4.59422e-07
4.995    4.23439e-07
4.999    2.5868e-07
5.003    1.59946e-06
5.006    2.00619e-07
5.01    9.03327e-07
5.014    5.15012e-07
5.017    6.63002e-07
5.024    5.99791e-07
5.027    1.49452e-07
5.03    6.11288e-07
5.034    5.26946e-07
5.037    6.15114e-07
5.04    2.3987e-07
5.043    7.00729e-07
5.046    1.06788e-07
5.049    6.4029e-07
5.052    1.01509e-07
5.054    3.93225e-07
5.057    2.79286e-07
5.06    5.43289e-07
5.063    1.73965e-07
5.065    5.0297e-07
5.07    1.51314e-07
5.073    2.35515e-08
5.075    7.09894e-07
5.078    1.54223e-07
5.08    3.31767e-07
5.082    2.23371e-07
5.085    1.84509e-07
5.087    1.2081e-07
5.089    5.70467e-07
5.092    5.63641e-08
5.094    2.08881e-07
5.096    1.56332e-07
5.098    1.49668e-07
5.1    1.91347e-07
5.102    2.2776e-07
5.106    2.62354e-07
5.108    8.17355e-08
5.11    1.63612e-07
5.112    7.65917e-08
5.114    3.76991e-07
5.116    3.77633e-08
5.118    3.16267e-07
5.12    1.0211e-07
5.121    1.3271e-07
5.125    1.72078e-07
5.127    8.8862e-08
5.128    1.73721e-07
5.13    1.12396e-07
5.132    1.65645e-07
5.135    2.05547e-07
5.137    6.88504e-09
5.138    9.71374e-08
5.14    9.53574e-08
5.141    6.86039e-08
5.143    8.89473e-08
5.145    2.15126e-07
5.146    2.05017e-08
5.148    1.60327e-07
5.149    3.97609e-08
5.151    1.13999e-07
5.152    7.50481e-08
5.154    1.25809e-07
5.155    3.39894e-08
5.156    6.836e-08
5.159    9.51763e-08
5.16    2.381e-08
5.162    1.5369e-07
5.163    3.00506e-08
5.164    1.01662e-07
5.166    7.0079e-08
5.167    4.17339e-08
5.168    3.06744e-08
5.17    7.72851e-08
5.171    1.23362e-08
5.172    1.22879e-07
5.173    4.69123e-08
5.175    4.59873e-08
5.176    2.22412e-08
5.177    1.4253e-07
5.179    6.26058e-08
5.18    1.03487e-08
5.181    3.91431e-08
5.183    4.0889e-08
5.184    1.037e-07
5.185    1.89982e-08
5.186    3.576e-08
5.187    2.63103e-08
5.188    5.19727e-08
5.189    1.64288e-08
5.19    6.02328e-08
5.191    1.61841e-08
5.192    6.87862e-08
5.194    3.7697e-08
5.194    3.60591e-08
5.197    6.93727e-08
5.198    6.63826e-09
5.199    5.25785e-08
5.2    3.85698e-08
5.201    1.90227e-08
5.202    3.06561e-08
5.202    5.41089e-08
5.203    1.19147e-08
5.204    3.48705e-08
5.206    3.286e-08
5.207    1.05555e-08
5.208    7.30405e-08
5.209    2.02272e-08
5.21    3.98659e-08
5.212    1.88503e-08
5.213    4.58534e-09
5.213    4.52861e-08
5.214    8.79112e-09
5.215    3.44431e-08
5.216    1.88381e-08
5.217    2.03893e-08
5.218    1.19769e-08
5.219    3.9195e-08
5.219    4.81763e-09
5.22    3.02787e-08
5.221    2.57985e-08
5.222    2.85908e-08
5.223    7.18561e-09
5.223    2.76833e-08
5.225    3.25746e-08
5.226    9.72503e-09
5.227    1.26389e-08
5.227    1.24317e-08
5.228    1.48271e-08
5.229    8.69478e-09
5.23    3.42564e-08
5.23    8.32549e-09
5.231    1.64197e-08
5.232    3.59323e-09
5.233    3.13249e-08
5.233    7.74444e-09
5.234    1.01204e-08
5.235    1.47314e-08
5.236    9.66331e-09
5.237    3.69565e-08
5.238    2.31703e-08
5.239    8.53954e-09
5.24    1.48002e-08
5.24    8.25947e-09
5.241    2.63323e-08
5.242    3.97758e-09
5.242    7.50789e-09
5.243    5.68591e-09
5.244    7.41018e-09
5.244    8.91918e-09
5.245    1.7821e-08
5.246    5.1013e-09
5.246    1.71567e-08
5.248    6.4493e-09
5.248    3.13538e-09
5.249    1.54128e-08
5.25    5.04047e-09
5.25    1.94525e-08
5.251    7.52644e-09
5.251    9.98793e-09
5.252    2.88014e-09
5.253    1.93199e-08
5.254    5.30985e-09
5.254    7.76497e-09
5.255    8.8457e-09
5.255    7.30832e-09
5.256    1.68662e-08
5.257    9.42673e-09
5.258    5.63632e-10
5.258    8.92825e-09
5.259    6.57537e-09
5.26    8.53731e-09
5.26    1.99748e-09
5.261    5.04517e-09
5.261    4.92861e-09
5.262    5.84806e-09
5.262    1.96112e-09
5.263    1.32674e-08
5.263    1.9488e-09
5.264    8.92344e-09
5.264    6.22262e-09
5.265    4.37494e-09
5.266    9.96962e-09
5.266    1.65389e-09
5.267    9.70203e-09
5.268    3.02951e-09
5.268    5.42568e-09
5.269    2.98835e-09
5.269    8.1253e-09
5.27    2.20905e-09
5.27    8.38966e-09
5.271    1.36723e-09
5.271    2.81252e-09
5.272    2.64263e-09
5.272    9.58603e-09
5.273    1.38811e-09
5.273    4.95139e-09
5.274    4.72289e-09
5.274    7.76829e-10
5.275    4.80578e-09
5.276    2.24888e-09
5.276    4.40848e-09
5.276    4.29514e-09
5.277    4.6918e-09
5.277    1.12817e-09
5.278    5.11625e-09
5.278    4.08407e-10
5.279    7.78127e-09
5.279    3.33987e-09
5.28    1.9788e-09
5.28    2.27118e-09
5.28    5.4328e-09
5.281    2.69196e-09
5.282    1.27154e-09
5.282    2.25183e-09
5.283    2.47132e-09
5.283    6.78129e-09
5.284    1.45584e-09
5.284    2.31658e-09
5.285    1.59029e-09
5.285    2.35968e-09
5.286    6.23538e-09
5.286    8.80326e-10
5.287    3.25155e-09
5.287    1.31845e-09
5.287    2.09494e-09
5.288    2.97644e-09
5.289    2.29957e-10
5.289    2.29483e-09
5.29    2.33963e-09
5.29    2.35072e-09
5.29    1.30462e-09
5.291    4.02778e-09
5.291    2.94074e-10
5.292    3.51846e-09
5.292    9.90093e-10
5.292    9.799e-10
5.293    1.09151e-09
5.293    2.67017e-09
5.293    1.30798e-09
5.294    3.46044e-09
5.295    1.28501e-09
5.295    4.77867e-10
5.295    2.59773e-09
5.296    5.48041e-10
5.296    1.91348e-09
5.296    1.08117e-09
5.297    1.1006e-09
5.297    9.06311e-10
5.298    2.93929e-09
5.298    2.21606e-10
5.298    1.30467e-09
5.299    1.15196e-09
5.299    8.93096e-10
5.299    8.99521e-10
5.3    2.08122e-09
5.301    1.12306e-09
5.301    1.42596e-10
5.301    1.87712e-09
5.301    2.5072e-10
5.302    2.19002e-09
5.302    4.77982e-10
5.303    1.76528e-09
5.303    5.77342e-10
5.303    9.39538e-10
5.304    4.20825e-10
5.304    1.1875e-09
5.304    6.72961e-10
5.305    1.15377e-09
5.305    6.78653e-10
5.305    7.13249e-10
5.306    2.03539e-09
5.306    1.89959e-10
5.307    1.07475e-09
5.307    8.90056e-10
5.307    1.4964e-10
5.308    5.43443e-10
5.308    1.14688e-09
5.308    1.6879e-10
5.309    9.99828e-10
5.309    6.9086e-10
5.309    6.69671e-10
5.31    7.84473e-10
5.31    2.12755e-10
5.311    5.15813e-10
5.311    8.68959e-10
5.311    3.3113e-11
5.312    1.12032e-09
5.312    1.6239e-10
5.312    1.04371e-09
5.313    6.57008e-10
5.313    4.21174e-10
5.313    2.2901e-10
5.314    6.70408e-10
5.314    1.3179e-10
5.314    5.59513e-10
5.314    2.80408e-10
5.315    4.47734e-10
5.315    2.09186e-10
5.315    9.80379e-10
5.316    4.0767e-10
5.316    1.82245e-10
5.316    1.79074e-10
5.317    2.31325e-10
5.317    7.18658e-10
5.317    1.67067e-10
5.318    7.59188e-10
5.318    1.72539e-10
5.318    1.23416e-10
5.319    6.40679e-11
5.319    5.27408e-10
5.319    1.18263e-10
5.319    4.35364e-10
5.32    3.70285e-10
5.32    1.74761e-10
5.321    3.31427e-10
5.321    4.09829e-11
5.321    2.31253e-10
5.321    2.89466e-10
5.322    2.08335e-10
5.322    1.27205e-10
5.322    3.67523e-10
5.322    1.32183e-10
5.323    5.28357e-10
5.323    7.073e-11
5.323    2.84799e-10
5.324    7.6877e-11
5.324    5.51816e-10
5.324    2.97803e-11
5.324    1.22592e-10
5.325    1.43163e-10
5.325    6.84526e-11
5.325    4.81608e-10
5.326    1.22558e-10
5.326    1.42344e-10
5.326    1.33428e-10
5.326    1.16999e-10
5.327    6.76986e-11
5.327    1.45513e-10
5.327    2.18036e-10
5.328    1.11106e-10
5.328    1.24028e-10
5.328    8.73014e-11
5.328    2.11968e-10
5.329    2.60469e-10
5.329    4.2964e-11
5.329    7.31616e-11
5.33    1.01559e-10
5.33    1.57806e-10
5.33    6.04517e-11
5.33    1.51615e-10
5.331    5.80684e-11
5.331    4.77715e-11
5.331    1.45508e-11
5.331    1.26319e-10
5.332    7.24678e-11
5.332    1.08871e-10
5.332    8.59192e-11
5.332    9.18609e-11
5.333    1.73652e-10
5.333    1.16533e-10
5.333    3.43996e-11
5.334    1.04621e-10
5.334    8.03456e-11
5.334    9.3824e-11
5.335    4.06289e-11
5.335    9.89094e-12
5.335    8.7051e-11
5.335    3.98623e-11
5.335    1.24379e-10
5.336    1.77129e-11
5.336    7.11892e-11
5.336    2.08586e-11
5.337    7.17167e-11
5.337    2.50207e-11
5.337    3.61683e-11
5.338    2.49927e-11
5.338    2.82804e-11
5.338    2.36684e-11
5.338    8.9681e-11
5.338    2.42918e-11
5.339    3.3401e-11
5.339    2.30935e-11
5.339    1.43454e-11
5.339    2.4417e-11
5.339    5.81033e-11
5.34    4.48014e-11
5.34    1.91344e-11
5.34    8.29927e-12
5.34    6.87448e-12
5.341    1.16165e-11
5.341    1.34148e-11
5.341    2.09303e-11
5.341    1.61075e-11
5.341    2.53517e-11
5.342    9.22957e-12
5.342    1.31071e-11
5.342    3.42029e-11
5.343    1.101e-11
5.343    2.44657e-11
5.343    2.99063e-11
5.344    2.64134e-11
5.344    5.59433e-12
5.344    7.26133e-12
5.344    1.78178e-11
5.345    4.88684e-12
5.345    1.76126e-11
5.345    6.34025e-12
5.345    1.02062e-11
5.346    8.30904e-12
5.346    1.23217e-11
5.347    3.15445e-12
5.347    5.70296e-12
5.347    1.53111e-11
5.347    1.29694e-11
5.348    9.25188e-12
5.348    7.76237e-12
5.348    7.9501e-12
5.348    9.81417e-12
5.349    4.04397e-12
5.349    5.89832e-12
5.349    2.12123e-12
5.35    3.12969e-12
5.35    2.07504e-12
5.35    3.86943e-12
5.351    3.04526e-12
5.351    7.02879e-12
5.351    5.46313e-12
5.352    1.72891e-12
5.352    5.40449e-12
5.352    7.29094e-12
5.353    2.37888e-12
5.353    2.82445e-12
5.354    2.32889e-12
5.354    1.36817e-12
5.355    1.05517e-12
5.355    1.76791e-12
5.356    1.75875e-12
5.356    3.06189e-12
5.356    9.79097e-13
5.356    1.72274e-12
5.356    9.59117e-13
5.357    1.69637e-12
5.357    1.04408e-12
5.359    1.95557e-12
5.36    1.16171e-12
5.36    1.15022e-12
5.36    7.59262e-13
5.363    2.60825e-13
5.363    3.46102e-13
5.363    3.44449e-13
5.363    5.14209e-13
5.367    3.0774e-13
5.37    3.43556e-14