0.875    0.130913
2.244    0.00607233
2.851    0.00662182
3.212    0.00137071
3.459    0.00139744
3.641    0.000269271
3.783    0.00101712
3.897    8.51663e-05
3.992    0.000358881
4.072    0.000174415
4.14    0.00013104
4.2    0.000100934
4.253    0.000238162
4.343    0.000103356
4.381    2.12908e-05
4.416    7.10009e-05
4.448    3.73829e-05
4.477    7.62854e-05
4.505    2.18017e-05
4.53    3.76663e-05
4.553    1.638e-05
4.575    2.867e-05
4.596    4.20558e-06
4.615    3.90687e-05
4.633    9.92341e-06
4.65    3.54445e-05
4.667    1.58905e-05
4.682    7.15133e-06
4.71    2.34183e-05
4.723    1.33067e-06
4.736    1.94133e-05
4.748    8.87512e-06
4.76    8.13592e-06
4.771    5.60744e-06
4.781    1.72165e-05
4.792    3.17856e-06
4.801    5.88054e-06
4.811    2.72522e-06
4.82    5.06127e-06
4.829    4.70829e-06
4.837    1.09685e-05
4.845    2.0475e-06
4.853    9.57004e-06
4.868    6.71966e-06
4.875    1.57709e-06
4.882    6.67122e-06
4.889    1.74414e-06
4.895    2.62967e-06
4.902    3.72128e-06
4.908    3.51459e-06
4.914    1.47686e-06
4.92    6.28991e-06
4.931    3.76718e-06
4.936    2.68175e-06
4.941    2.54769e-06
4.946    1.61494e-06
4.951    3.84204e-06
4.961    4.18514e-06
4.966    3.32668e-07
4.97    1.2702e-06
4.974    1.21333e-06
4.979    4.05933e-06
4.983    1.10939e-06
4.987    2.1237e-06
4.991    1.01699e-06
4.995    9.74621e-07
4.999    5.84108e-07
5.003    3.58676e-06
5.006    4.30413e-07
5.01    2.06713e-06
5.014    1.19196e-06
5.017    1.52816e-06
5.024    1.41501e-06
5.027    3.40652e-07
5.03    1.47686e-06
5.034    1.26532e-06
5.037    1.52516e-06
5.04    5.88536e-07
5.043    1.70402e-06
5.046    2.74211e-07
5.049    1.58918e-06
5.052    2.55937e-07
5.054    9.89625e-07
5.057    7.17752e-07
5.06    1.3887e-06
5.063    4.47968e-07
5.065    1.30102e-06
5.07    4.06855e-07
5.073    6.57122e-08
5.075    1.91102e-06
5.078    3.70623e-07
5.08    7.19011e-07
5.082    4.36034e-07
5.085    5.07853e-07
5.087    1.64354e-07
5.089    1.27691e-06
5.092    1.55053e-07
5.094    6.02661e-07
5.096    2.92882e-07
5.098    2.84747e-07
5.1    2.7691e-07
5.102    6.73397e-07
5.106    5.10119e-07
5.108    2.48289e-07
5.11    3.62633e-07
5.112    1.17724e-07
5.114    6.8808e-07
5.118    8.71191e-07
5.12    1.06154e-07
5.121    2.07e-07
5.125    3.44582e-07
5.127    2.88153e-07
5.128    2.81182e-07
5.13    1.82956e-07
5.132    2.679e-07
5.135    3.40588e-07
5.138    2.43743e-07
5.14    1.58774e-07
5.145    2.96542e-07
5.148    1.41778e-07
5.151    1.35659e-07
5.154    1.29887e-07
5.16    2.92054e-08
5.162    5.72106e-08
5.163    5.60431e-08
5.164    1.09814e-07
5.177    9.01388e-08
5.19    1.80672e-08