0.875    0.0513439
1.104    0.0456577
2.328    0.00388612
2.802    0.00152407
2.941    0.00159825
2.983    0.000920624
3.181    0.000483197
3.212    0.000536107
3.327    0.000301425
3.481    0.00028435
3.542    0.00023727
3.589    6.00858e-05
3.607    7.30973e-05
3.658    8.3054e-05
3.72    6.79456e-05
3.756    0.000138927
3.769    0.000144174
3.822    9.64932e-05
3.852    1.95436e-05
3.858    6.37288e-05
3.869    8.15409e-05
3.886    6.52957e-05
3.939    1.5815e-05
3.954    1.19766e-05
3.963    3.03057e-05
3.992    5.31387e-05
4.001    2.50301e-05
4.035    2.18472e-05
4.048    2.0812e-05
4.06    9.90284e-06
4.068    1.43864e-05
4.079    1.83104e-05
4.087    1.0649e-05
4.105    2.05677e-05
4.109    9.71652e-06
4.134    2.33823e-05
4.137    1.43919e-05
4.154    8.04602e-06
4.17    1.62701e-05
4.176    1.81121e-05
4.186    5.84057e-06
4.194    1.79667e-05
4.2    7.10803e-06
4.204    1.07845e-05
4.218    6.068e-06
4.232    1.61445e-05
4.237    1.66708e-05
4.245    8.91701e-06
4.259    1.34317e-05
4.266    6.48248e-06
4.266    4.04616e-06
4.271    5.53883e-06
4.274    8.59592e-06
4.279    4.57976e-06
4.286    2.21274e-06
4.291    4.3246e-06
4.298    2.78421e-06
4.305    1.00995e-05
4.312    4.55503e-06
4.317    6.36483e-06
4.321    7.16934e-06
4.334    5.25797e-06
4.339    2.28754e-06
4.349    1.89996e-06
4.355    1.57762e-06
4.361    6.63241e-06
4.365    6.24854e-06
4.368    1.97823e-06
4.372    1.45401e-06
4.377    4.23533e-06
4.381    2.51429e-06
4.387    4.48151e-06
4.387    1.79065e-06
4.391    3.51583e-06
4.393    3.91492e-06
4.396    2.55994e-06
4.398    1.68937e-06
4.402    2.07384e-06
4.407    1.20868e-06
4.42    3.77543e-06
4.421    1.12163e-06
4.425    5.14411e-06
4.428    2.16466e-06
4.433    1.05272e-06
4.438    1.02521e-06
4.438    1.19488e-06
4.441    1.67844e-06
4.443    9.97657e-07
4.45    4.49869e-06
4.451    1.27351e-06
4.454    1.87723e-06
4.459    5.03245e-06
4.459    1.21882e-06
4.462    5.69615e-06
4.464    8.91301e-07
4.468    1.73684e-06
4.474    3.3617e-06
4.476    6.94194e-07
4.479    2.46007e-06
4.482    1.07539e-06
4.483    3.19816e-06
4.486    2.22843e-06
4.49    4.09504e-06
4.493    1.25911e-06
4.499    9.74518e-07
4.5    1.02856e-06
4.506    8.19846e-07
4.509    1.15392e-06
4.509    6.91743e-07
4.511    2.49913e-06
4.516    2.21853e-07
4.519    3.68669e-06
4.519    9.75053e-07
4.522    1.92204e-06
4.523    6.3553e-07
4.526    1.25291e-06
4.528    1.43973e-06
4.53    4.08086e-07
4.53    8.15486e-07
4.532    6.02989e-07
4.536    5.89861e-07
4.539    9.68602e-07
4.54    6.72744e-07
4.542    2.46218e-06
4.546    1.39016e-06
4.546    1.85204e-07
4.552    1.51997e-06
4.552    7.14704e-07
4.554    1.32198e-06
4.556    6.99735e-07
4.564    1.49861e-06
4.565    1.32224e-06
4.567    1.62978e-07
4.569    5.22739e-07
4.571    6.38663e-07
4.573    6.29868e-07
4.574    1.56323e-07
4.576    1.31158e-06
4.577    3.82681e-07
4.578    8.37113e-07
4.58    6.03975e-07
4.583    1.48002e-07
4.585    8.76743e-07
4.585    1.46014e-07
4.587    9.37104e-07
4.59    4.24068e-07
4.59    1.41251e-07
4.593    3.20818e-06
4.594    8.31076e-07
4.599    8.04427e-07
4.599    1.33973e-07
4.6    6.65253e-08
4.601    1.25712e-06
4.602    3.94263e-07
4.604    2.59448e-07
4.605    1.2884e-07
4.607    5.09114e-07
4.609    4.39783e-07
4.61    1.24805e-07
4.612    2.09624e-06
4.614    9.73995e-07
4.615    3.50717e-07
4.615    1.20852e-07
4.617    3.58253e-07
4.618    1.18626e-07
4.62    8.2059e-07
4.621    1.16373e-07
4.625    7.95672e-07
4.625    4.54355e-07
4.626    1.12848e-07
4.627    5.61342e-07
4.628    3.34618e-07
4.629    3.30525e-07
4.63    4.37855e-07
4.632    3.244e-07
4.633    1.0744e-07
4.634    1.20259e-06
4.635    1.06213e-07
4.635    5.30708e-08
4.637    5.24676e-07
4.639    1.03091e-06
4.641    9.16758e-07
4.642    4.04886e-07
4.644    1.20106e-06
4.645    9.93972e-08
4.646    4.94538e-07
4.649    3.88555e-07
4.651    1.52758e-06
4.651    9.54116e-08
4.653    8.72874e-07
4.654    9.37253e-08
4.655    3.70812e-07
4.656    9.21379e-08
4.657    2.29239e-07
4.658    5.01262e-07
4.659    9.05281e-08
4.66    9.91055e-07
4.661    1.11868e-07
4.662    3.54358e-07
4.662    4.42666e-07
4.664    1.31378e-06
4.665    3.48246e-07
4.667    4.30403e-08
4.667    8.55686e-08
4.669    4.23049e-08
4.671    5.02306e-07
4.671    8.32244e-08
4.673    6.58812e-07
4.675    8.14405e-07
4.675    7.28685e-07
4.676    8.04436e-08
4.678    3.18437e-07
4.679    8.66652e-07
4.679    3.14954e-07
4.68    3.91419e-08
4.681    5.06529e-07
4.682    7.74321e-08
4.683    1.53278e-07
4.686    4.52547e-07
4.686    7.53789e-08
4.688    7.41907e-08
4.691    2.17978e-07
4.692    2.52878e-07
4.692    7.2208e-08
4.693    7.18029e-08
4.693    2.14456e-07
4.694    3.55219e-08
4.696    7.03781e-07
4.697    4.87473e-07
4.698    2.07759e-07
4.701    5.59808e-07
4.703    4.34094e-07
4.704    9.9628e-08
4.704    6.63802e-08
4.705    8.55038e-07
4.705    6.57343e-08
4.707    3.23719e-07
4.709    1.92247e-07
4.71    1.27474e-07
4.71    6.37005e-08
4.711    6.3125e-08
4.712    1.56214e-07
4.715    8.92613e-07
4.715    6.11975e-08
4.716    4.57057e-07
4.717    6.06178e-08
4.718    3.90077e-07
4.719    8.95429e-08
4.72    1.182361e-07
4.721    5.26933e-07
4.722    2.32967e-07
4.723    5.76673e-08
4.726    2.2734e-07
4.726    2.27216e-07
4.727    1.68837e-07
4.729    8.598072e-07
4.73    2.74674e-07
4.731    1.09307e-07
4.731    5.46239e-08
4.732    1.62377e-07
4.734    5.86968e-07
4.736    1.58548e-07
4.736    5.2582e-08
4.738    1.55455e-07
4.739    2.83871e-07
4.741    1.01736e-07
4.741    5.0614e-08
4.742    9.53112e-07
4.744    6.70853e-07
4.744    4.94466e-08
4.746    4.89845e-08
4.749    2.39334e-07
4.749    4.76325e-08
4.75    2.36876e-08
4.751    3.30521e-07
4.751    4.69388e-08
4.752    6.54958e-07
4.753    4.65555e-08
4.754    1.38387e-07
4.755    2.27554e-07
4.757    2.48033e-07
4.759    6.67117e-08
4.759    4.42621e-08
4.76    6.17337e-07
4.76    3.07198e-07
4.76    2.19317e-08
4.761    8.69826e-08
4.762    4.32851e-08
4.763    2.57517e-07
4.763    4.28981e-08
4.764    3.40295e-07
4.765    2.11684e-07
4.768    5.79821e-07
4.768    4.13954e-08
4.769    4.5156e-07
4.77    8.172e-08
4.771    3.24171e-07
4.771    1.3568e-07
4.771    2.0157e-08
4.772    3.9962e-08
4.774    1.58533e-07
4.774    1.97256e-08
4.775    1.956021e-07
4.776    3.87897e-08
4.777    2.31676e-07
4.778    1.91401e-07
4.78    5.48068e-07
4.78    3.77797e-08
4.781    3.73056e-08
4.782    1.85028e-07
4.783    3.68219e-08
4.784    4.7699e-07
4.784    7.30543e-08
4.786    3.60569e-08
4.787    3.55946e-08
4.788    3.9017e-07
4.788    3.52963e-08
4.789    7.00682e-08
4.79    7.00355e-08
4.79    1.56339e-07
4.791    4.1507e-07
4.791    3.45731e-08
4.792    1.02906e-07
4.794    3.89679e-07
4.794    3.38695e-08
4.795    2.01635e-07
4.795    3.34442e-08
4.796    3.31849e-08
4.798    6.55719e-08
4.799    1.30074e-07
4.799    9.71359e-08
4.8    1.28521e-07
4.8    1.92694e-07
4.801    4.30245e-07
4.802    7.93343e-08
4.803    6.29555e-08
4.804    2.17741e-07
4.805    9.25698e-08
4.806    3.07124e-08
4.808    3.01246e-08
4.809    7.49289e-09
4.809    2.98857e-07
4.81    8.9282e-08
4.811    2.06771e-07
4.812    8.79179e-08
4.812    5.83683e-08
4.813    2.89552e-08
4.815    8.58672e-08
4.815    2.84919e-08
4.816    7.09982e-08
4.816    5.65525e-08
4.817    1.6845e-07
4.818    3.90006e-07
4.818    1.10975e-07
4.822    1.35049e-07
4.822    2.69005e-08
4.824    1.58378e-07
4.825    1.3098e-07
4.827    1.03619e-07
4.828    3.6636e-07
4.829    1.27074e-07
4.83    3.7971e-08
4.83    1.256645e-07
4.831    1.24737e-07
4.832    7.45471e-08
4.833    4.93284e-08
4.833    7.3474e-08
4.834    7.31862e-08
4.835    2.4215e-08
4.836    2.75457e-07
4.836    2.39429e-08
4.837    5.05255e-07
4.837    2.36845e-08
4.839    4.68405e-08
4.84    6.97673e-08
4.84    8.08138e-08
4.841    2.3001e-08
4.842    2.28435e-07
4.842    2.28342e-08
4.843    6.80347e-08
4.843    2.25916e-08
4.844    6.72864e-08
4.845    3.32879e-07
4.845    2.2183e-08
4.846    1.32198e-07
4.848    1.2939e-07
4.849    4.28239e-08
4.851    5.25994e-08
4.852    6.28842e-08
4.853    2.07287e-08
4.854    4.11992e-08
4.854    2.05915e-08
4.855    3.68201e-07
4.856    1.41722e-07
4.856    2.02382e-08
4.857    9.04741e-08
4.858    7.95715e-08
4.859    1.9691e-07
4.86    1.46665e-07
4.86    3.89686e-08
4.861    3.87012e-08
4.862    7.6624e-08
4.863    8.7992e-08
4.864    2.44855e-07
4.864    1.88279e-08
4.865    1.12243e-07
4.865    1.11841e-07
4.866    3.70284e-08
4.867    1.84481e-08
4.867    7.33228e-08
4.867    1.83238e-08
4.868    1.82074e-07
4.868    9.07141e-09
4.87    5.37223e-08
4.87    1.24909e-07
4.871    1.6839e-07
4.872    7.0202e-08
4.873    5.23074e-08
4.874    1.2945e-07
4.874    8.59992e-09
4.875    1.36743e-07
4.875    8.5433e-09
4.876    1.69806e-08
4.876    3.38434e-08
4.878    2.00486e-07
4.878    2.497122e-08
4.879    1.65411e-08
4.88    3.27663e-08
4.881    1.6277e-08
4.881    9.73281e-08
4.882    1.61166e-08
4.882    2.08802e-08
4.883    1.59583e-08
4.883    2.37923e-08
4.885    1.88546e-07
4.885    5.46412e-08
4.886    1.55591e-08
4.886    7.77679e-09
4.886    9.27603e-08
4.887    1.45499e-07
4.888    3.04373e-08
4.89    2.24734e-08
4.89    7.46623e-08
4.891    5.93546e-08
4.893    1.02271e-07
4.894    7.59738e-08
4.895    6.45255e-08
4.895    4.27504e-08
4.896    2.8407e-08
4.896    9.41327e-08
4.897    4.21007e-08
4.897    6.99153e-09
4.899    1.37766e-07
4.9    1.36923e-08
4.901    2.03474e-08
4.901    4.04609e-08
4.902    8.06618e-08
4.902    2.00431e-08
4.903    3.17837e-07
4.904    5.92346e-08
4.904    1.31169e-08
4.905    1.30423e-08
4.907    5.13994e-08
4.907    2.5474e-08
4.907    1.27328e-08
4.908    5.69749e-08
4.908    2.52426e-08
4.909    1.25463e-08
4.91    3.7311e-08
4.911    4.94538e-08
4.913    4.22628e-08
4.914    1.19712e-08
4.914    2.39346e-08
4.915    7.14079e-08
4.915    3.55939e-08
4.917    2.33898e-07
4.917    6.9763e-08
4.919    5.15787e-08
4.919    1.1427e-08
4.92    3.40841e-08
4.92    5.63279e-08
4.921    5.60057e-08
4.921    6.70039e-08
4.923    1.76171e-07
4.923    5.4741e-08
4.924    2.1714e-08
4.925    1.07957e-07
4.925    4.30538e-08
4.926    1.07028e-08
4.927    3.71386e-08
4.927    1.10826e-07
4.928    1.04647e-08
4.929    3.6326e-08
4.93    5.11839e-08
4.931    1.01801e-08
4.932    1.00942e-08
4.933    5.00618e-08
4.933    3.48505e-08
4.934    9.92836e-09
4.934    9.87693e-09
4.935    1.17874e-07
4.935    2.93833e-08
4.936    2.19171e-08
4.936    4.83146e-08
4.937    2.88311e-08
4.939    9.45505e-09
4.939    9.40401e-09
4.939    4.68861e-09
4.94    3.73182e-08
4.941    1.61929e-07
4.941    5.5221e-08
4.942    1.82623e-08
4.943    5.44945e-08
4.944    9.00866e-09
4.944    1.78767e-08
4.945    8.89098e-09
4.945    8.86612e-09
4.946    1.76385e-08
4.946    9.65288e-08
4.946    1.75018e-08
4.948    4.31884e-08
4.948    2.57773e-08
4.949    4.68953e-08
4.949    1.27229e-08
4.95    5.46949e-08
4.951    1.67008e-08
4.952    8.30713e-09
4.952    4.97065e-08
4.952    8.24163e-09
4.953    1.63583e-08
4.954    1.22056e-08
4.954    4.8454e-08
4.955    5.42316e-08
4.955    8.01259e-09
4.956    2.79008e-08
4.957    3.164534e-08
4.957    7.87165e-09
4.958    3.90534e-09
4.958    7.7733e-09
4.959    2.314e-08
4.959    1.53856e-08
4.96    3.44527e-08
4.96    4.57057e-08
4.961    7.55926e-09
4.962    7.46608e-09
4.963    8.11186e-08
4.964    7.35504e-09
4.965    7.26519e-09
4.965    2.53024e-08
4.966    1.8021e-09
4.967    4.25274e-08
4.968    2.82781e-08
4.968    7.03679e-09
4.968    6.47719e-08
4.969    1.39686e-08
4.969    2.08506e-08
4.97    2.76016e-08
4.97    6.86686e-09
4.971    3.408753e-08
4.971    1.35697e-08
4.972    2.0153e-08
4.973    1.33742e-08
4.973    1.26444e-07
4.975    4.5698e-08
4.976    1.62062e-08
4.978    3.18009e-08
4.978    6.33009e-09
4.979    6.25651e-09
4.979    6.24094e-09
4.98    6.2116e-09
4.981    4.93499e-08
4.981    1.22797e-08
4.983    9.03909e-08
4.983    4.18942e-08
4.984    1.19143e-08
4.984    1.48564e-08
4.984    1.18301e-08
4.986    5.84784e-09
4.987    4.03733e-08
4.987    4.44942e-08
4.988    1.13532e-08
4.989    1.13258e-08
4.989    2.81856e-09
4.99    1.67222e-08
4.991    8.30333e-09
4.991    5.51193e-09
4.992    6.5688e-08
4.992    3.26267e-08
4.993    1.08267e-08
4.993    1.0801e-08
4.994    1.07526e-08
4.994    3.20457e-08
4.995    5.31711e-09
4.995    3.96131e-08
4.995    1.84057e-08
4.998    1.53941e-08
4.998    2.555e-09
4.998    1.52944e-08
4.999    1.52271e-08
4.999    4.03437e-08
5.0    1.00601e-08
5.0    2.51043e-08
5.0    1.24684e-08
5.001    9.86757e-09
5.002    4.92245e-09
5.002    2.45053e-09
5.002    4.88097e-09
5.003    9.73959e-09
5.004    9.57237e-09
5.005    2.02537e-08
5.006    4.68433e-09
5.006    4.66543e-09
5.009    4.10107e-08
5.009    1.81541e-08
5.009    1.81135e-08
5.011    2.21688e-09
5.012    2.64384e-08
5.012    1.09698e-08
5.013    4.34275e-09
5.013    4.31514e-09
5.014    2.14438e-08
5.014    4.27095e-09
5.015    8.52319e-09
5.015    4.24395e-09
5.016    2.10036e-09
5.016    3.34021e-08
5.016    1.25229e-08
5.017    1.24743e-08
5.018    4.09032e-09
5.019    4.08149e-09
5.02    4.02401e-09
5.02    2.99998e-08
5.021    5.97562e-09
5.021    3.97522e-09
5.021    1.97957e-09
5.022    1.57424e-08
5.022    3.91973e-09
5.022    3.91138e-09
5.024    5.36809e-08
5.024    7.63804e-09
5.024    7.62192e-09
5.025    4.72683e-09
5.025    5.659e-09
5.027    3.72173e-09
5.027    1.84962e-09
5.029    1.81386e-08
5.03    8.92797e-09
5.03    1.42553e-08
5.03    7.11138e-10
5.031    3.54991e-09
5.031    5.29412e-08
5.032    1.05475e-08
5.032    7.01723e-09
5.034    3.42866e-09
5.035    6.79225e-09
5.035    2.62609e-08
5.035    3.37622e-09
5.036    1.0033e-08
5.036    1.00128e-08
5.037    3.29362e-09
5.038    1.30511e-08
5.038    3.25624e-08
5.038    3.24391e-09
5.039    4.82053e-09
5.04    6.33115e-09
5.044    3.04408e-09
5.045    1.35469e-08
5.045    2.99932e-09
5.047    1.4726e-08
5.047    2.92873e-09
5.048    8.70705e-09
5.048    2.31741e-08
5.048    1.4431e-09
5.049    5.72068e-09
5.05    2.81375e-09
5.051    8.36624e-09
5.051    5.55743e-09
5.052    2.75412e-09
5.053    1.09193e-08
5.053    5.41964e-09
5.055    3.97964e-09
5.055    5.29627e-09
5.056    2.61581e-09
5.057    1.03512e-08
5.058    2.55695e-09
5.06    3.97919e-09
5.061    3.71772e-09
5.063    2.18132e-08
5.063    4.82198e-09
5.063    1.44397e-08
5.064    5.97657e-09
5.065    7.07451e-09
5.067    2.29499e-09
5.068    1.80566e-08
5.069    4.48311e-09
