0.875    0.1129
2.244    0.0049605
2.851    0.00489283
3.212    0.000996477
3.459    0.000968974
3.641    0.000169206
3.783    0.000628121
3.897    5.43477e-05
3.992    0.00021074
4.072    9.97735e-05
4.14    6.81465e-05
4.2    5.15059e-05
4.253    0.000121446
4.343    4.90467e-05
4.381    1.00341e-05
4.416    3.12312e-05
4.448    1.59414e-05
4.477    3.16823e-05
4.505    9.18838e-06
4.53    1.46911e-05
4.553    6.21126e-06
4.575    1.06231e-05
4.596    1.43527e-06
4.615    1.35933e-05
4.633    3.4189e-06
4.65    1.15972e-05
4.667    4.94102e-06
4.682    2.27789e-06
4.71    6.74894e-06
4.723    4.13763e-07
4.736    5.3213e-06
4.748    2.37503e-06
4.76    2.02737e-06
4.771    1.41148e-06
4.781    4.14838e-06
4.792    7.3007e-07
4.801    1.31245e-06
4.811    6.05276e-07
4.82    1.11315e-06
4.829    9.59001e-07
4.837    2.19607e-06
4.845    3.88203e-07
4.853    1.77507e-06
4.868    1.16484e-06
4.875    2.64842e-07
4.882    1.07453e-06
4.889    2.71352e-07
4.895    4.07413e-07
4.902    5.49658e-07
4.908    4.87397e-07
4.914    2.00008e-07
4.92    8.22299e-07
4.931    4.61204e-07
4.936    3.13791e-07
4.941    2.77862e-07
4.946    1.69718e-07
4.951    4.12925e-07
4.961    3.86926e-07
4.966    3.06357e-08
4.97    1.03212e-07
4.974    1.05164e-07
4.979    3.27963e-07
4.983    8.77416e-08
4.987    1.54158e-07
4.991    7.05172e-08
4.995    7.39149e-08
4.999    4.01219e-08
5.003    2.16643e-07
5.006    1.67875e-08
5.01    1.1377e-07
5.014    6.24175e-08
5.017    6.78814e-08
5.024    6.43884e-08
5.027    9.22676e-09
5.03    6.25802e-08
5.034    4.52388e-08
5.037    6.34521e-08
5.04    2.35925e-08
5.043    4.49237e-08
5.046    1.06951e-08
5.049    3.5583e-08
5.052    5.82305e-09
5.054    1.7691e-08
5.057    1.86631e-08
5.06    2.70819e-08
5.063    7.28009e-09
5.065    2.06735e-08