       7.2396    7.04655E-04      3.4200
       7.3099    2.54478E-03      3.4781
       7.3767    1.15315E-03      3.5352
       7.3788    1.14958E-03      3.5370
       7.3809    2.29207E-03      3.5388
       7.4444    2.08472E-03      3.5949
       7.5089    9.45464E-04      3.6537
       8.3170    5.96286E-05      4.5962
       8.3219    2.36325E-04      4.6033
       8.3266    2.34163E-04      4.6103
       8.6141    1.31197E-04      5.0777
       8.6155    2.61611E-04      5.0802
       8.6605    1.18829E-04      5.1621
       8.8920    7.06709E-05      5.6292
       8.8946    1.40475E-04      5.6349
       8.9273    1.30026E-04      5.7080
       8.9588    6.02940E-05      5.7801
       8.9612    1.19887E-04      5.7858
       8.9636    5.95954E-05      5.7914
       9.0251    5.12816E-05      5.9382
       9.0273    1.01998E-04      5.9437
       9.1343    7.77851E-05      6.2183
       9.1351    7.76302E-05      6.2204
       9.1466    3.76717E-05      6.2515
       9.1470    7.52690E-05      6.2525
       9.1587    7.30027E-05      6.2844
       9.1594    1.45721E-04      6.2865
       9.1717    7.05533E-05      6.3203
       9.1830    1.36947E-04      6.3519
       9.1949    6.63488E-05      6.3853
       9.2347    1.49071E-05      6.5000
       9.2785    5.28921E-05      6.6312
       9.3198    2.35666E-05      6.7598
       9.3213    2.34663E-05      6.7646
       9.3228    4.67331E-05      6.7694
       9.3617    4.18358E-05      6.8955
       9.4013    1.86517E-05      7.0285
       9.4445    8.20594E-06      7.1800
       9.4604    3.12942E-05      7.2373
       9.4759    1.49291E-05      7.2942
       9.4764    4.47225E-05      7.2960
       9.4915    2.84681E-05      7.3524
       9.5452    2.40910E-05      7.5598
       9.5578    1.15753E-05      7.6102
       9.5600    2.29952E-05      7.6187
       9.5723    2.21109E-05      7.6687
       9.5864    1.05664E-05      7.7267
       9.5884    2.09952E-05      7.7352
       9.5894    2.09269E-05      7.7394
       9.6022    2.00817E-05      7.7927
       9.6733    7.93244E-06      8.1049
       9.6787    1.55783E-05      8.1296
       9.6841    7.64924E-06      8.1542
       9.6844    1.52808E-05      8.1558
       9.6897    1.50081E-05      8.1803
       9.6901    1.49908E-05      8.1819
       9.6953    7.36248E-06      8.2063
       9.6956    2.94162E-05      8.2079
       9.7063    7.08988E-06      8.2581
       9.7314    6.49968E-06      8.3785
       9.7322    6.48166E-06      8.3824
       9.7330    1.29274E-05      8.3863
       9.7750    5.57031E-06      8.5968
       9.7757    1.11113E-05      8.6006
       9.8381    1.03238E-05      8.9332
       9.8383    4.42024E-06      8.9346
       9.8483    8.51639E-06      8.9904
       9.8548    8.31322E-06      9.0267
       9.8558    8.27948E-06      9.0328
       9.8645    8.01324E-06      9.0821
       9.8651    7.99432E-06      9.0857
       9.8730    7.75831E-06      9.1312
       9.8743    1.54442E-05      9.1383
       9.8814    7.51406E-06      9.1800
       9.8820    7.49670E-06      9.1836
       9.8826    7.47938E-06      9.1871
       9.8832    7.46212E-06      9.1906
       9.8897    7.27997E-06      9.2286
       9.8909    7.24672E-06      9.2356
       9.8990    1.40472E-05      9.2839
       9.9069    6.80956E-06      9.3319
       9.9148    6.60413E-06      9.3796
       9.9154    6.58951E-06      9.3831
       9.9543    5.64782E-06      9.6274
       9.9575    5.57525E-06      9.6482
       9.9609    1.09988E-05      9.6702
       9.9643    1.08498E-05      9.6922
       9.9645    5.42043E-06      9.6936
       9.9675    5.35609E-06      9.7129
       9.9677    1.60552E-05      9.7142
       9.9708    5.28416E-06      9.7348
       9.9710    5.27986E-06      9.7361
       9.9741    5.21351E-06      9.7566
       9.9774    5.14412E-06      9.7785
       9.9975    5.92170E-07      9.9136
       9.9980    2.36399E-06      9.9169
       9.9985    2.35930E-06      9.9202
       9.9994    2.34997E-06      9.9267
      10.0465    9.63808E-07     10.2600
      10.0641    3.57503E-06     10.3898
      10.0647    1.78243E-06     10.3948
      10.0649    3.56232E-06     10.3960
      10.0698    1.74384E-06     10.4328
      10.0702    3.48144E-06     10.4359
      10.0806    1.66360E-06     10.5150
      10.0810    4.98201E-06     10.5181
      10.0814    1.65774E-06     10.5212
      10.0818    3.30965E-06     10.5243
      10.0822    3.30383E-06     10.5274
      10.0873    3.23081E-06     10.5666
      10.0919    1.58270E-06     10.6027
      10.0923    3.15992E-06     10.6058
      10.0980    3.08047E-06     10.6509
      10.1037    1.50183E-06     10.6958
      10.1322    1.32079E-06     10.9273
      10.1338    6.55799E-07     10.9400
      10.1406    5.08504E-06     10.9971
      10.1407    2.54090E-06     10.9983
      10.1416    2.53049E-06     11.0058
      10.1450    2.49109E-06     11.0346
      10.1452    2.48952E-06     11.0358
      10.1473    1.23256E-06     11.0539
      10.1475    7.39070E-06     11.0551
      10.1496    2.43951E-06     11.0732
      10.1508    1.21276E-06     11.0838
      10.1515    2.41784E-06     11.0896
      10.1519    2.41401E-06     11.0926
      10.1605    2.31903E-06     11.1670
      10.1612    2.31179E-06     11.1729
      10.1700    1.10933E-06     11.2497
      10.1707    3.31777E-06     11.2555
      10.2039    9.44155E-07     11.5561
      10.2052    9.38275E-07     11.5681
      10.2075    1.85628E-06     11.5891
      10.2091    1.84220E-06     11.6038
      10.2113    9.11169E-07     11.6248
      10.2116    1.81971E-06     11.6276
      10.2128    9.04344E-07     11.6393
      10.2130    3.61532E-06     11.6404
      10.2157    1.78409E-06     11.6659
      10.2163    1.77899E-06     11.6715
      10.2168    3.54895E-06     11.6764
      10.2203    8.72212E-07     11.7097
      10.2206    1.74195E-06     11.7125
      10.2282    1.67794E-06     11.7858
      10.2321    1.64596E-06     11.8237
      10.2640    7.01832E-07     12.1417
      10.2643    1.40181E-06     12.1444
      10.2651    1.39626E-06     12.1524
      10.2662    6.94196E-07     12.1638
      10.2678    1.37718E-06     12.1803
      10.2695    2.04807E-06     12.1978
      10.2712    1.35372E-06     12.2152
      10.2714    1.35205E-06     12.2177
      10.2719    1.34852E-06     12.2230
      10.2761    1.32019E-06     12.2664
      10.2784    6.52308E-07     12.2907
      10.2787    1.30293E-06     12.2933
      10.2789    6.50626E-07     12.2960
      10.2792    1.29957E-06     12.2986
      10.2928    6.05807E-07     12.4431
      10.3044    1.14053E-06     12.5691
      10.3106    1.10402E-06     12.6375
      10.3140    1.08437E-06     12.6753
      10.3171    1.06647E-06     12.7105
      10.3173    1.06519E-06     12.7131
      10.3189    1.05638E-06     12.7307
      10.3190    1.05588E-06     12.7317
      10.3202    1.04897E-06     12.7457
      10.3207    2.09291E-06     12.7508
      10.3219    1.55984E-06     12.7641
      10.3233    1.54776E-06     12.7807
      10.3238    2.05877E-06     12.7858
      10.3240    1.02815E-06     12.7883
      10.3247    1.02422E-06     12.7965
      10.3264    1.01509E-06     12.8156
      10.3268    1.01268E-06     12.8207
      10.3294    4.99348E-07     12.8504
      10.3297    9.97517E-07     12.8529
      10.3299    1.99268E-06     12.8555
      10.3301    9.95165E-07     12.8580
      10.3329    9.80348E-07     12.8902
      10.3361    9.63570E-07     12.9273
      10.3614    8.39752E-07     13.2271
      10.3639    8.27962E-07     13.2583
      10.3653    1.23241E-06     13.2753
      10.3665    2.44810E-06     13.2904
      10.3678    2.83555E-06     13.3064
      10.3691    1.60937E-06     13.3215
      10.3704    3.99458E-07     13.3374
      10.3949    6.95969E-07     13.6476
      10.3971    6.87478E-07     13.6756
      10.3996    6.77715E-07     13.7082
      10.4024    1.33351E-06     13.7455
      10.4045    6.58737E-07     13.7733
      10.4051    6.56708E-07     13.7804
      10.4070    6.49513E-07     13.8057
      10.4073    6.48185E-07     13.8104
      10.4098    6.39157E-07     13.8427
      10.4099    6.38507E-07     13.8451
      10.4122    6.30296E-07     13.8750
      10.4146    6.21599E-07     13.9071
      10.4229    1.48043E-07     14.0200
      10.4323    5.60453E-07     14.1492
      10.4399    5.35755E-07     14.2559
      10.4409    5.32600E-07     14.2699
      10.4414    2.65480E-07     14.2773
      10.4416    2.65226E-07     14.2796
      10.4418    5.29946E-07     14.2818
      10.4420    5.29271E-07     14.2849
      10.4430    5.25969E-07     14.2998
      10.4440    5.22891E-07     14.3138
      10.4450    5.19642E-07     14.3286
      10.4580    2.40394E-07     14.5154
      10.4642    4.62890E-07     14.6075
      10.4663    2.28561E-07     14.6381
      10.4664    4.56706E-07     14.6403
      10.4683    4.51449E-07     14.6686
      10.4686    9.01262E-07     14.6730
      10.4704    3.34266E-07     14.7000
      10.4705    2.22734E-07     14.7012
      10.4707    8.90131E-07     14.7034
      10.4742    4.35459E-07     14.7570
      10.4748    4.33817E-07     14.7663
      10.4767    4.28908E-07     14.7943
      10.4788    2.11660E-07     14.8267
      10.4897    1.97838E-07     14.9945
      10.4933    3.86719E-07     15.0518
      10.4971    1.88854E-07     15.1111
      10.4972    3.77386E-07     15.1133
      10.5010    1.84261E-07     15.1733
      10.5011    3.68350E-07     15.1744
      10.5036    7.25141E-07     15.2145
      10.5044    5.40863E-07     15.2285
      10.5046    4.50257E-08     15.2311
      10.5047    1.79951E-07     15.2332
      10.5049    5.39401E-07     15.2353
      10.5061    1.78374E-07     15.2556
      10.5185    3.29524E-07     15.4588
      10.5200    3.26385E-07     15.4834
      10.5217    3.22761E-07     15.5123
      10.5237    6.37353E-07     15.5452
      10.5253    3.15420E-07     15.5719
      10.5254    1.57583E-07     15.5740
      10.5255    3.14913E-07     15.5760
      10.5271    3.11708E-07     15.6026
      10.5287    1.54273E-07     15.6292
      10.5288    7.70472E-07     15.6322
      10.5304    3.05082E-07     15.6586
      10.5305    3.04941E-07     15.6598
      10.5320    1.50985E-07     15.6854
      10.5321    1.50816E-07     15.6883
      10.5323    3.01392E-07     15.6904
      10.5449    1.38667E-07     15.9095
      10.5480    2.71748E-07     15.9635
      10.5510    1.33155E-07     16.0174
      10.5512    2.65906E-07     16.0214
      10.5542    2.60624E-07     16.0751
      10.5544    2.60339E-07     16.0780
      10.5551    2.59133E-07     16.0905
      10.5558    2.57857E-07     16.1037
      10.5574    1.27549E-07     16.1326
      10.5628    2.46049E-07     16.2300
      10.5673    2.38686E-07     16.3124
      10.5688    2.36124E-07     16.3418
      10.5704    2.33599E-07     16.3711
      10.5719    2.31278E-07     16.3984
      10.5720    2.31110E-07     16.4003
      10.5733    2.28987E-07     16.4256
      10.5748    2.26726E-07     16.4528
      10.5912    1.01205E-07     16.7668
      10.5913    2.02270E-07     16.7687
      10.5967    9.73734E-08     16.8750
      10.5968    1.94613E-07     16.8769
      10.5978    1.93249E-07     16.8967
      10.5996    1.90728E-07     16.9338
      10.6069    1.81208E-07     17.0789
      10.6094    1.78035E-07     17.1292
      10.6120    1.74705E-07     17.1832
      10.6121    1.74590E-07     17.1851
      10.6145    1.71570E-07     17.2352
      10.6171    1.68400E-07     17.2888
      10.6313    7.59649E-08     17.5880
      10.6314    7.59171E-08     17.5898
      10.6401    3.55864E-08     17.7800
      10.6459    2.72620E-07     17.9089
      10.6471    1.35095E-07     17.9356
      10.6471    1.35177E-07     17.9338
      10.6482    1.34056E-07     17.9587
      10.6494    1.32867E-07     17.9854
      10.6576    6.24185E-08     18.1732
      10.6620    1.20799E-07     18.2731
      10.6662    5.84662E-08     18.3724
      10.6700    2.84109E-08     18.4600
      10.6741    5.50429E-08     18.5581
      10.6771    1.07554E-07     18.6302
      10.6781    1.06668E-07     18.6559
      10.6781    5.33638E-08     18.6542
      10.6801    5.25205E-08     18.7038
      10.6895    9.75703E-08     18.9352
      10.6913    9.61774E-08     18.9806
      10.6933    9.47089E-08     19.0294
      10.7274    7.18081E-08     19.9278
      10.7307    6.98691E-08     20.0190
      10.7815    1.12564E-08     21.5400
